{"producer":{"name":"Blender","version":"2.92.0","exporter_version":"2.80.1","file":"Tron_Light_cycle.babylon"},
"autoClear":true,"clearColor":[0.1745,0.2323,0.2615],"gravity":[0,-9.81,0],
"materials":[{"name":"gloss","id":"gloss","customType":"BABYLON.PBRMaterial","albedo":[0.1446,0.1446,0.1446],"reflectivity":[0.5,0.5,0.5],"metallic":0},
{"name":"light","id":"light","customType":"BABYLON.PBRMaterial","albedo":[0.2019,0.7934,0.8667],"reflectivity":[0.5,0.5,0.5],"metallic":0},
{"name":"styeel","id":"styeel","customType":"BABYLON.PBRMaterial","albedo":[0.7922,0.7922,0.7922],"reflectivity":[0.5,0.5,0.5],"metallic":0},
{"name":"wheel","id":"wheel","customType":"BABYLON.PBRMaterial","albedo":[0.0435,0.0435,0.0435],"reflectivity":[0.2709,0.2709,0.2709],"metallic":0},
{"name":"gloss.001","id":"gloss.001","customType":"BABYLON.PBRMaterial","albedo":[0.3092,0.3092,0.3092],"reflectivity":[0.1735,0.1735,0.1735],"metallic":0}],
"multiMaterials":[{"name":"Tron_Light_cycle.Multimaterial#0","id":"Tron_Light_cycle.Multimaterial#0","materials":["gloss","light","styeel","wheel"]},{"name":"Tron_Light_cycle.Multimaterial#1","id":"Tron_Light_cycle.Multimaterial#1","materials":["light","gloss"]}],
"skeletons":[{"name":"Armature","id":0,"dimensionsAtRest":[12.6531,6.8549,6.6452],"bones":[
{"name":"base ","index":0,"matrix":[0.077,-0.997,0,0,0.997,0.077,0,0,0,0,-1,0,2.2427,1.5467,0,1],"rest":[0.077,-0.997,0,0,0.997,0.077,0,0,0,0,-1,0,2.2427,1.5467,0,1],"parentBoneIndex":-1,"length":2.3168
,"animation":{"dataType":3,"framePerSecond":25,"keys":[
{"frame":1,"values":[0.077,-0.997,0,0,0.997,0.077,0,0,0,0,-1,0,2.2427,1.5467,0,1]},
{"frame":2,"values":[0.077,-0.997,0,0,0.997,0.077,0,0,0,0,-1,0,2.2427,1.5467,0,1]}],"loopBehavior":1,"name":"anim","property":"_matrix"}},
{"name":"Bone","index":1,"matrix":[-0.712,0.7022,0,0,-0.7022,-0.712,0,0,0,0,1,0,-1.0402,2.1146,0,1],"rest":[0.077,0.997,0,0,-0.997,0.077,0,0,0,0,1,0,-2.9147,-7.1753,0,1],"parentBoneIndex":0,"length":1
,"animation":{"dataType":3,"framePerSecond":25,"keys":[
{"frame":1,"values":[-0.712,0.7022,0,0,-0.7022,-0.712,0,0,0,0,1,0,-1.0402,2.1146,0,1]},
{"frame":2,"values":[-0.712,0.7022,0,0,-0.7022,-0.712,0,0,0,0,1,0,-1.0402,2.1146,0,1]}],"loopBehavior":1,"name":"anim","property":"_matrix"}},
{"name":"Bone.001","index":2,"matrix":[-0.952,-0.3031,-0.0435,0,-0.3034,0.9529,0,0,0.0415,0.0132,-0.9991,0,-0.582,1.1791,-0.0069,1],"rest":[-0.9839,0.1734,-0.0435,0,0.1736,0.9848,0,0,0.0428,-0.0076,-0.9991,0,0,1,0,1],"parentBoneIndex":1,"length":1.1207
,"animation":{"dataType":3,"framePerSecond":25,"keys":[
{"frame":1,"values":[-0.952,-0.3031,-0.0435,0,-0.3034,0.9529,0,0,0.0415,0.0132,-0.9991,0,-0.582,1.1791,-0.0069,1]},
{"frame":2,"values":[-0.952,-0.3031,-0.0435,0,-0.3034,0.9529,0,0,0.0415,0.0132,-0.9991,0,-0.582,1.1791,-0.0069,1]}],"loopBehavior":1,"name":"anim","property":"_matrix"}},
{"name":"Bone.002","index":3,"matrix":[0.712,0.7021,0.0125,0,-0.7021,0.7115,0.0306,0,0.0125,-0.0306,0.9995,0,0,1.1207,0,1],"rest":[0.9216,-0.3881,0.0034,0,0.3881,0.9214,-0.0169,0,0.0034,0.0169,0.9999,0,0,1.1207,0,1],"parentBoneIndex":2,"length":0.8737
,"animation":{"dataType":3,"framePerSecond":25,"keys":[
{"frame":1,"values":[0.712,0.7021,0.0125,0,-0.7021,0.7115,0.0306,0,0.0125,-0.0306,0.9995,0,0,1.1207,0,1]},
{"frame":2,"values":[0.712,0.7021,0.0125,0,-0.7021,0.7115,0.0306,0,0.0125,-0.0306,0.9995,0,0,1.1207,0,1]}],"loopBehavior":1,"name":"anim","property":"_matrix"}},
{"name":"Bone.003","index":4,"matrix":[-0.9095,-0.3984,-0.1185,0,-0.1633,0.6046,-0.7796,0,0.3822,-0.6897,-0.615,0,-0.582,1.1791,-0.0069,1],"rest":[-0.9638,0.1916,-0.1854,0,0.2658,0.6387,-0.7221,0,-0.0199,-0.7452,-0.6665,0,0,1,0,1],"parentBoneIndex":1,"length":0.9922
,"animation":{"dataType":3,"framePerSecond":25,"keys":[
{"frame":1,"values":[-0.9095,-0.3984,-0.1185,0,-0.1633,0.6046,-0.7796,0,0.3822,-0.6897,-0.615,0,-0.582,1.1791,-0.0069,1]},
{"frame":2,"values":[-0.9095,-0.3984,-0.1185,0,-0.1633,0.6046,-0.7796,0,0.3822,-0.6897,-0.615,0,-0.582,1.1791,-0.0069,1]}],"loopBehavior":1,"name":"anim","property":"_matrix"}},
{"name":"Bone.006","index":5,"matrix":[-0.3855,0.524,0.7595,0,0.8839,0.4459,0.1411,0,-0.2647,0.7257,-0.635,0,0,0.9922,0,1],"rest":[-0.6522,-0.4363,0.62,0,0.1826,0.7033,0.687,0,-0.7358,0.5612,-0.379,0,0,0.9922,0,1],"parentBoneIndex":4,"length":0.9208
,"animation":{"dataType":3,"framePerSecond":25,"keys":[
{"frame":1,"values":[-0.3855,0.524,0.7595,0,0.8839,0.4459,0.1411,0,-0.2647,0.7257,-0.635,0,0,0.9922,0,1]},
{"frame":2,"values":[-0.3855,0.524,0.7595,0,0.8839,0.4459,0.1411,0,-0.2647,0.7257,-0.635,0,0,0.9922,0,1]}],"loopBehavior":1,"name":"anim","property":"_matrix"}},
{"name":"Bone.015","index":6,"matrix":[-0.9485,-0.1302,-0.2889,0,-0.266,0.8227,0.5024,0,0.1723,0.5534,-0.8149,0,0,0.9208,0,1],"rest":[-0.0362,-0.0677,-0.9971,0,-0.0312,0.9973,-0.0665,0,0.9989,0.0287,-0.0382,0,0,0.9208,0,1],"parentBoneIndex":5,"length":0.9643
,"animation":{"dataType":3,"framePerSecond":25,"keys":[
{"frame":1,"values":[-0.9485,-0.1302,-0.2889,0,-0.266,0.8227,0.5024,0,0.1723,0.5534,-0.8149,0,0,0.9208,0,1]},
{"frame":2,"values":[-0.9485,-0.1302,-0.2889,0,-0.266,0.8227,0.5024,0,0.1723,0.5534,-0.8149,0,0,0.9208,0,1]}],"loopBehavior":1,"name":"anim","property":"_matrix"}},
{"name":"Bone.017","index":7,"matrix":[-0.6584,-0.0559,0.7506,0,-0.2629,0.9515,-0.1597,0,-0.7053,-0.3025,-0.6411,0,0,0.9643,0,1],"rest":[-0.8514,-0.1864,0.4903,0,-0.1816,0.9817,0.0578,0,-0.4921,-0.0398,-0.8696,0,0,0.9643,0,1],"parentBoneIndex":6,"length":0.3539
,"animation":{"dataType":3,"framePerSecond":25,"keys":[
{"frame":1,"values":[-0.6584,-0.0559,0.7506,0,-0.2629,0.9515,-0.1597,0,-0.7053,-0.3025,-0.6411,0,0,0.9643,0,1]},
{"frame":2,"values":[-0.6584,-0.0559,0.7506,0,-0.2629,0.9515,-0.1597,0,-0.7053,-0.3025,-0.6411,0,0,0.9643,0,1]}],"loopBehavior":1,"name":"anim","property":"_matrix"}},
{"name":"Bone.019","index":8,"matrix":[0.1477,-0.8362,-0.5282,0,0.1365,0.5461,-0.8265,0,0.9796,0.05,0.1948,0,0,0.3539,0,1],"rest":[0.522,0.0709,-0.85,0,-0.1416,0.9899,-0.0044,0,0.8411,0.1227,0.5268,0,0,0.3539,0,1],"parentBoneIndex":7,"length":0.1167
,"animation":{"dataType":3,"framePerSecond":25,"keys":[
{"frame":1,"values":[0.1477,-0.8362,-0.5282,0,0.1365,0.5461,-0.8265,0,0.9796,0.05,0.1948,0,0,0.3539,0,1]},
{"frame":2,"values":[0.1477,-0.8362,-0.5282,0,0.1365,0.5461,-0.8265,0,0.9796,0.05,0.1948,0,0,0.3539,0,1]}],"loopBehavior":1,"name":"anim","property":"_matrix"}},
{"name":"Bone.021","index":9,"matrix":[0.3283,-0.8736,0.3591,0,0.9267,0.3715,0.0566,0,-0.1829,0.3142,0.9316,0,0,0.1167,0,1],"rest":[1,0.0009,0,0,-0.0009,1,-0.0016,0,0,0.0016,1,0,0,0.1167,0,1],"parentBoneIndex":8,"length":0.1098
,"animation":{"dataType":3,"framePerSecond":25,"keys":[
{"frame":1,"values":[0.3283,-0.8736,0.3591,0,0.9267,0.3715,0.0566,0,-0.1829,0.3142,0.9316,0,0,0.1167,0,1]},
{"frame":2,"values":[0.3283,-0.8736,0.3591,0,0.9267,0.3715,0.0566,0,-0.1829,0.3142,0.9316,0,0,0.1167,0,1]}],"loopBehavior":1,"name":"anim","property":"_matrix"}},
{"name":"Bone.023","index":10,"matrix":[0.6308,-0.768,0.1107,0,0.7666,0.6389,0.064,0,-0.1199,0.0445,0.9918,0,0,0.1098,0,1],"rest":[0.9998,-0.0199,-0.0003,0,0.0199,0.9992,0.0345,0,-0.0003,-0.0345,0.9994,0,0,0.1098,0,1],"parentBoneIndex":9,"length":0.1062
,"animation":{"dataType":3,"framePerSecond":25,"keys":[
{"frame":1,"values":[0.6308,-0.768,0.1107,0,0.7666,0.6389,0.064,0,-0.1199,0.0445,0.9918,0,0,0.1098,0,1]},
{"frame":2,"values":[0.6308,-0.768,0.1107,0,0.7666,0.6389,0.064,0,-0.1199,0.0445,0.9918,0,0,0.1098,0,1]}],"loopBehavior":1,"name":"anim","property":"_matrix"}},
{"name":"Bone.025","index":11,"matrix":[-0.7033,0.1938,0.6839,0,-0.0769,0.9357,-0.3442,0,-0.7067,-0.2947,-0.6432,0,0,0.9643,0,1],"rest":[-0.8688,0.0754,0.4894,0,0.0501,0.9967,-0.0646,0,-0.4927,-0.0316,-0.8696,0,0,0.9643,0,1],"parentBoneIndex":6,"length":0.3588
,"animation":{"dataType":3,"framePerSecond":25,"keys":[
{"frame":1,"values":[-0.7033,0.1938,0.6839,0,-0.0769,0.9357,-0.3442,0,-0.7067,-0.2947,-0.6432,0,0,0.9643,0,1]},
{"frame":2,"values":[-0.7033,0.1938,0.6839,0,-0.0769,0.9357,-0.3442,0,-0.7067,-0.2947,-0.6432,0,0,0.9643,0,1]}],"loopBehavior":1,"name":"anim","property":"_matrix"}},
{"name":"Bone.027","index":12,"matrix":[-0.0356,-0.8399,-0.5416,0,0.2626,0.515,-0.816,0,0.9643,-0.1713,0.2022,0,0,0.3588,0,1],"rest":[0.526,-0.0317,-0.8499,0,0.0634,0.998,0.002,0,0.8481,-0.0549,0.527,0,0,0.3588,0,1],"parentBoneIndex":11,"length":0.1184
,"animation":{"dataType":3,"framePerSecond":25,"keys":[
{"frame":1,"values":[-0.0356,-0.8399,-0.5416,0,0.2626,0.515,-0.816,0,0.9643,-0.1713,0.2022,0,0,0.3588,0,1]},
{"frame":2,"values":[-0.0356,-0.8399,-0.5416,0,0.2626,0.515,-0.816,0,0.9643,-0.1713,0.2022,0,0,0.3588,0,1]}],"loopBehavior":1,"name":"anim","property":"_matrix"}},
{"name":"Bone.029","index":13,"matrix":[0.1461,-0.1758,0.9735,0,0.8713,0.489,-0.0424,0,-0.4686,0.8544,0.2246,0,0,0.1184,0,1],"rest":[0.527,0.0122,0.8498,0,-0.0061,0.9999,-0.0106,0,-0.8498,0.0004,0.527,0,0,0.1184,0,1],"parentBoneIndex":12,"length":0.127
,"animation":{"dataType":3,"framePerSecond":25,"keys":[
{"frame":1,"values":[0.1461,-0.1758,0.9735,0,0.8713,0.489,-0.0424,0,-0.4686,0.8544,0.2246,0,0,0.1184,0,1]},
{"frame":2,"values":[0.1461,-0.1758,0.9735,0,0.8713,0.489,-0.0424,0,-0.4686,0.8544,0.2246,0,0,0.1184,0,1]}],"loopBehavior":1,"name":"anim","property":"_matrix"}},
{"name":"Bone.031","index":14,"matrix":[0.9061,-0.2948,0.3036,0,0.4036,0.3865,-0.8293,0,0.1271,0.8739,0.4691,0,0,0.127,0,1],"rest":[1,-0.0085,0,0,0.0085,1,0.0003,0,0,-0.0003,1,0,0,0.127,0,1],"parentBoneIndex":13,"length":0.1262
,"animation":{"dataType":3,"framePerSecond":25,"keys":[
{"frame":1,"values":[0.9061,-0.2948,0.3036,0,0.4036,0.3865,-0.8293,0,0.1271,0.8739,0.4691,0,0,0.127,0,1]},
{"frame":2,"values":[0.9061,-0.2948,0.3036,0,0.4036,0.3865,-0.8293,0,0.1271,0.8739,0.4691,0,0,0.127,0,1]}],"loopBehavior":1,"name":"anim","property":"_matrix"}},
{"name":"Bone.033","index":15,"matrix":[0.8636,-0.3452,-0.3676,0,0.1705,0.8859,-0.4314,0,0.4746,0.3099,0.8239,0,0,0.9643,0,1],"rest":[0.9302,-0.3081,-0.1993,0,0.2742,0.9446,-0.1805,0,0.2438,0.1133,0.9632,0,0,0.9643,0,1],"parentBoneIndex":6,"length":0.3644
,"animation":{"dataType":3,"framePerSecond":25,"keys":[
{"frame":1,"values":[0.8636,-0.3452,-0.3676,0,0.1705,0.8859,-0.4314,0,0.4746,0.3099,0.8239,0,0,0.9643,0,1]},
{"frame":2,"values":[0.8636,-0.3452,-0.3676,0,0.1705,0.8859,-0.4314,0,0.4746,0.3099,0.8239,0,0,0.9643,0,1]}],"loopBehavior":1,"name":"anim","property":"_matrix"}},
{"name":"Bone.035","index":16,"matrix":[-0.5711,-0.6882,0.4475,0,-0.0857,0.5921,0.8013,0,-0.8164,0.4193,-0.3971,0,0,0.3644,0,1],"rest":[-0.941,-0.2024,0.2712,0,-0.1962,0.9793,0.0498,0,-0.2757,-0.0063,-0.9612,0,0,0.3644,0,1],"parentBoneIndex":15,"length":0.0906
,"animation":{"dataType":3,"framePerSecond":25,"keys":[
{"frame":1,"values":[-0.5711,-0.6882,0.4475,0,-0.0857,0.5921,0.8013,0,-0.8164,0.4193,-0.3971,0,0,0.3644,0,1]},
{"frame":2,"values":[-0.5711,-0.6882,0.4475,0,-0.0857,0.5921,0.8013,0,-0.8164,0.4193,-0.3971,0,0,0.3644,0,1]}],"loopBehavior":1,"name":"anim","property":"_matrix"}},
{"name":"Bone.037","index":17,"matrix":[0.8307,0.062,0.5533,0,0.388,0.6482,-0.6552,0,-0.3993,0.7589,0.5144,0,0,0.0906,0,1],"rest":[1,-0.0015,0,0,0.0015,1,0,0,0,0,1,0,0,0.0906,0,1],"parentBoneIndex":16,"length":0.0978
,"animation":{"dataType":3,"framePerSecond":25,"keys":[
{"frame":1,"values":[0.8307,0.062,0.5533,0,0.388,0.6482,-0.6552,0,-0.3993,0.7589,0.5144,0,0,0.0906,0,1]},
{"frame":2,"values":[0.8307,0.062,0.5533,0,0.388,0.6482,-0.6552,0,-0.3993,0.7589,0.5144,0,0,0.0906,0,1]}],"loopBehavior":1,"name":"anim","property":"_matrix"}},
{"name":"Bone.039","index":18,"matrix":[0.9946,-0.0589,0.0849,0,0.1006,0.3646,-0.9257,0,0.0235,0.9293,0.3686,0,0,0.0978,0,1],"rest":[1,0.0058,0,0,-0.0058,1,-0.0002,0,0,0.0002,1,0,0,0.0978,0,1],"parentBoneIndex":17,"length":0.1047
,"animation":{"dataType":3,"framePerSecond":25,"keys":[
{"frame":1,"values":[0.9946,-0.0589,0.0849,0,0.1006,0.3646,-0.9257,0,0.0235,0.9293,0.3686,0,0,0.0978,0,1]},
{"frame":2,"values":[0.9946,-0.0589,0.0849,0,0.1006,0.3646,-0.9257,0,0.0235,0.9293,0.3686,0,0,0.0978,0,1]}],"loopBehavior":1,"name":"anim","property":"_matrix"}},
{"name":"Bone.041","index":19,"matrix":[0.7294,0.3937,-0.5595,0,-0.4497,0.8922,0.0415,0,0.5155,0.2213,0.8278,0,0,0.9643,0,1],"rest":[0.8904,0.4061,-0.2057,0,-0.3778,0.9113,0.1638,0,0.254,-0.0681,0.9648,0,0,0.9643,0,1],"parentBoneIndex":6,"length":0.3756
,"animation":{"dataType":3,"framePerSecond":25,"keys":[
{"frame":1,"values":[0.7294,0.3937,-0.5595,0,-0.4497,0.8922,0.0415,0,0.5155,0.2213,0.8278,0,0,0.9643,0,1]},
{"frame":2,"values":[0.7294,0.3937,-0.5595,0,-0.4497,0.8922,0.0415,0,0.5155,0.2213,0.8278,0,0,0.9643,0,1]}],"loopBehavior":1,"name":"anim","property":"_matrix"}},
{"name":"Bone.043","index":20,"matrix":[0.0409,-0.5876,0.8081,0,0.1958,0.7978,0.5702,0,-0.9798,0.1349,0.1477,0,0,0.3756,0,1],"rest":[-0.2655,0.0799,0.9608,0,0.1548,0.9872,-0.0393,0,-0.9516,0.1383,-0.2745,0,0,0.3756,0,1],"parentBoneIndex":19,"length":0.0781
,"animation":{"dataType":3,"framePerSecond":25,"keys":[
{"frame":1,"values":[0.0409,-0.5876,0.8081,0,0.1958,0.7978,0.5702,0,-0.9798,0.1349,0.1477,0,0,0.3756,0,1]},
{"frame":2,"values":[0.0409,-0.5876,0.8081,0,0.1958,0.7978,0.5702,0,-0.9798,0.1349,0.1477,0,0,0.3756,0,1]}],"loopBehavior":1,"name":"anim","property":"_matrix"}},
{"name":"Bone.045","index":21,"matrix":[0.235,-0.8553,0.4618,0,0.9061,0.3647,0.2145,0,-0.3519,0.368,0.8607,0,0,0.0781,0,1],"rest":[0.9998,0.0182,-0.0003,0,-0.0182,0.9993,-0.0316,0,-0.0003,0.0316,0.9995,0,0,0.0781,0,1],"parentBoneIndex":20,"length":0.088
,"animation":{"dataType":3,"framePerSecond":25,"keys":[
{"frame":1,"values":[0.235,-0.8553,0.4618,0,0.9061,0.3647,0.2145,0,-0.3519,0.368,0.8607,0,0,0.0781,0,1]},
{"frame":2,"values":[0.235,-0.8553,0.4618,0,0.9061,0.3647,0.2145,0,-0.3519,0.368,0.8607,0,0,0.0781,0,1]}],"loopBehavior":1,"name":"anim","property":"_matrix"}},
{"name":"Bone.047","index":22,"matrix":[0.5526,-0.7595,0.3431,0,0.8308,0.4696,-0.2987,0,0.0658,0.4501,0.8906,0,0,0.088,0,1],"rest":[0.9997,-0.0246,-0.0005,0,0.0246,0.9988,0.0425,0,-0.0005,-0.0425,0.9991,0,0,0.088,0,1],"parentBoneIndex":21,"length":0.0925
,"animation":{"dataType":3,"framePerSecond":25,"keys":[
{"frame":1,"values":[0.5526,-0.7595,0.3431,0,0.8308,0.4696,-0.2987,0,0.0658,0.4501,0.8906,0,0,0.088,0,1]},
{"frame":2,"values":[0.5526,-0.7595,0.3431,0,0.8308,0.4696,-0.2987,0,0.0658,0.4501,0.8906,0,0,0.088,0,1]}],"loopBehavior":1,"name":"anim","property":"_matrix"}},
{"name":"Bone.049","index":23,"matrix":[-0.4163,0.8283,0.3749,0,0.7697,0.5406,-0.3396,0,-0.484,0.1472,-0.8626,0,0,0.9643,0,1],"rest":[-0.3652,0.9103,0.1949,0,0.799,0.4139,-0.4362,0,-0.4778,-0.0035,-0.8785,0,0,0.9643,0,1],"parentBoneIndex":6,"length":0.1915
,"animation":{"dataType":3,"framePerSecond":25,"keys":[
{"frame":1,"values":[-0.4163,0.8283,0.3749,0,0.7697,0.5406,-0.3396,0,-0.484,0.1472,-0.8626,0,0,0.9643,0,1]},
{"frame":2,"values":[-0.4163,0.8283,0.3749,0,0.7697,0.5406,-0.3396,0,-0.484,0.1472,-0.8626,0,0,0.9643,0,1]}],"loopBehavior":1,"name":"anim","property":"_matrix"}},
{"name":"Bone.051","index":24,"matrix":[0.8902,-0.4556,-0.0015,0,0.4556,0.8901,0.0152,0,-0.0056,-0.0142,0.9999,0,0,0.1915,0,1],"rest":[0.8902,-0.4556,-0.0015,0,0.4556,0.8901,0.0152,0,-0.0056,-0.0142,0.9999,0,0,0.1915,0,1],"parentBoneIndex":23,"length":0.1299
,"animation":{"dataType":3,"framePerSecond":25,"keys":[
{"frame":1,"values":[0.8902,-0.4556,-0.0015,0,0.4556,0.8901,0.0152,0,-0.0056,-0.0142,0.9999,0,0,0.1915,0,1]},
{"frame":2,"values":[0.8902,-0.4556,-0.0015,0,0.4556,0.8901,0.0152,0,-0.0056,-0.0142,0.9999,0,0,0.1915,0,1]}],"loopBehavior":1,"name":"anim","property":"_matrix"}},
{"name":"Bone.053","index":25,"matrix":[0.9399,-0.3415,-0.0019,0,0.3415,0.9398,0.0107,0,-0.0019,-0.0107,0.9999,0,0,0.1299,0,1],"rest":[0.9399,-0.3415,-0.0019,0,0.3415,0.9398,0.0107,0,-0.0019,-0.0107,0.9999,0,0,0.1299,0,1],"parentBoneIndex":24,"length":0.0976
,"animation":{"dataType":3,"framePerSecond":25,"keys":[
{"frame":1,"values":[0.9399,-0.3415,-0.0019,0,0.3415,0.9398,0.0107,0,-0.0019,-0.0107,0.9999,0,0,0.1299,0,1]},
{"frame":2,"values":[0.9399,-0.3415,-0.0019,0,0.3415,0.9398,0.0107,0,-0.0019,-0.0107,0.9999,0,0,0.1299,0,1]}],"loopBehavior":1,"name":"anim","property":"_matrix"}},
{"name":"Bone.004","index":26,"matrix":[-0.936,-0.3478,0.0545,0,-0.1694,0.5807,0.7963,0,-0.3087,0.7361,-0.6024,0,-0.582,1.1791,-0.0069,1],"rest":[-0.9638,0.1916,0.1854,0,0.2658,0.6387,0.7221,0,0.0199,0.7452,-0.6665,0,0,1,0,1],"parentBoneIndex":1,"length":0.9922
,"animation":{"dataType":3,"framePerSecond":25,"keys":[
{"frame":1,"values":[-0.936,-0.3478,0.0545,0,-0.1694,0.5807,0.7963,0,-0.3087,0.7361,-0.6024,0,-0.582,1.1791,-0.0069,1]},
{"frame":2,"values":[-0.936,-0.3478,0.0545,0,-0.1694,0.5807,0.7963,0,-0.3087,0.7361,-0.6024,0,-0.582,1.1791,-0.0069,1]}],"loopBehavior":1,"name":"anim","property":"_matrix"}},
{"name":"Bone.005","index":27,"matrix":[0.2478,-0.0033,0.9688,0,0.7421,0.6435,-0.1876,0,-0.6228,0.7654,0.162,0,0,0.9922,0,1],"rest":[0.9633,-0.2679,-0.0183,0,0.1826,0.7033,-0.687,0,0.197,0.6586,0.7266,0,0,0.9922,0,1],"parentBoneIndex":26,"length":0.9208
,"animation":{"dataType":3,"framePerSecond":25,"keys":[
{"frame":1,"values":[0.2478,-0.0033,0.9688,0,0.7421,0.6435,-0.1876,0,-0.6228,0.7654,0.162,0,0,0.9922,0,1]},
{"frame":2,"values":[0.2478,-0.0033,0.9688,0,0.7421,0.6435,-0.1876,0,-0.6228,0.7654,0.162,0,0,0.9922,0,1]}],"loopBehavior":1,"name":"anim","property":"_matrix"}},
{"name":"Bone.016","index":28,"matrix":[0.7695,-0.5667,-0.2945,0,0.5747,0.8155,-0.0675,0,0.2785,-0.1173,0.9533,0,0,0.9208,0,1],"rest":[0.9965,-0.0729,0.0412,0,0.0732,0.9973,-0.0062,0,-0.0407,0.0092,0.9989,0,0,0.9208,0,1],"parentBoneIndex":27,"length":0.9643
,"animation":{"dataType":3,"framePerSecond":25,"keys":[
{"frame":1,"values":[0.7695,-0.5667,-0.2945,0,0.5747,0.8155,-0.0675,0,0.2785,-0.1173,0.9533,0,0,0.9208,0,1]},
{"frame":2,"values":[0.7695,-0.5667,-0.2945,0,0.5747,0.8155,-0.0675,0,0.2785,-0.1173,0.9533,0,0,0.9208,0,1]}],"loopBehavior":1,"name":"anim","property":"_matrix"}},
{"name":"Bone.018","index":29,"matrix":[0.9077,0.4195,-0.0079,0,-0.3872,0.8449,0.3692,0,0.1616,-0.332,0.9293,0,0,0.9643,0,1],"rest":[0.9798,0.1885,-0.0671,0,-0.186,0.9817,0.0414,0,0.0737,-0.0281,0.9969,0,0,0.9643,0,1],"parentBoneIndex":28,"length":0.3539
,"animation":{"dataType":3,"framePerSecond":25,"keys":[
{"frame":1,"values":[0.9077,0.4195,-0.0079,0,-0.3872,0.8449,0.3692,0,0.1616,-0.332,0.9293,0,0,0.9643,0,1]},
{"frame":2,"values":[0.9077,0.4195,-0.0079,0,-0.3872,0.8449,0.3692,0,0.1616,-0.332,0.9293,0,0,0.9643,0,1]}],"loopBehavior":1,"name":"anim","property":"_matrix"}},
{"name":"Bone.020","index":30,"matrix":[0.9769,-0.203,0.0664,0,0.135,0.3458,-0.9286,0,0.1655,0.9161,0.3652,0,0,0.3539,0,1],"rest":[0.9897,-0.1416,-0.0006,0,0.1416,0.9899,0.0044,0,-0.0001,-0.0045,1,0,0,0.3539,0,1],"parentBoneIndex":29,"length":0.1167
,"animation":{"dataType":3,"framePerSecond":25,"keys":[
{"frame":1,"values":[0.9769,-0.203,0.0664,0,0.135,0.3458,-0.9286,0,0.1655,0.9161,0.3652,0,0,0.3539,0,1]},
{"frame":2,"values":[0.9769,-0.203,0.0664,0,0.135,0.3458,-0.9286,0,0.1655,0.9161,0.3652,0,0,0.3539,0,1]}],"loopBehavior":1,"name":"anim","property":"_matrix"}},
{"name":"Bone.022","index":31,"matrix":[0.986,-0.1669,-0.0066,0,0.1269,0.7742,-0.6201,0,0.1086,0.6106,0.7845,0,0,0.1167,0,1],"rest":[1.0005,-0.0018,0,0,0.0018,1,0.0001,0,0,-0.0001,1,0,0,0.1167,0,1],"parentBoneIndex":30,"length":0.1098
,"animation":{"dataType":3,"framePerSecond":25,"keys":[
{"frame":1,"values":[0.986,-0.1669,-0.0066,0,0.1269,0.7742,-0.6201,0,0.1086,0.6106,0.7845,0,0,0.1167,0,1]},
{"frame":2,"values":[0.986,-0.1669,-0.0066,0,0.1269,0.7742,-0.6201,0,0.1086,0.6106,0.7845,0,0,0.1167,0,1]}],"loopBehavior":1,"name":"anim","property":"_matrix"}},
{"name":"Bone.024","index":32,"matrix":[0.9784,0.1957,-0.0661,0,-0.1438,0.4157,-0.8981,0,-0.1482,0.8882,0.4349,0,0,0.1098,0,1],"rest":[1.0005,0.0398,0,0,-0.0398,0.9992,-0.0013,0,-0.0001,0.0013,1,0,0,0.1098,0,1],"parentBoneIndex":31,"length":0.1062
,"animation":{"dataType":3,"framePerSecond":25,"keys":[
{"frame":1,"values":[0.9784,0.1957,-0.0661,0,-0.1438,0.4157,-0.8981,0,-0.1482,0.8882,0.4349,0,0,0.1098,0,1]},
{"frame":2,"values":[0.9784,0.1957,-0.0661,0,-0.1438,0.4157,-0.8981,0,-0.1482,0.8882,0.4349,0,0,0.1098,0,1]}],"loopBehavior":1,"name":"anim","property":"_matrix"}},
{"name":"Bone.026","index":33,"matrix":[0.9797,0.166,-0.1128,0,-0.1155,0.926,0.3595,0,0.1641,-0.3392,0.9263,0,0,0.9643,0,1],"rest":[0.9944,-0.0733,-0.0766,0,0.0758,0.9967,0.0306,0,0.0741,-0.0363,0.9966,0,0,0.9643,0,1],"parentBoneIndex":28,"length":0.3588
,"animation":{"dataType":3,"framePerSecond":25,"keys":[
{"frame":1,"values":[0.9797,0.166,-0.1128,0,-0.1155,0.926,0.3595,0,0.1641,-0.3392,0.9263,0,0,0.9643,0,1]},
{"frame":2,"values":[0.9797,0.166,-0.1128,0,-0.1155,0.926,0.3595,0,0.1641,-0.3392,0.9263,0,0,0.9643,0,1]}],"loopBehavior":1,"name":"anim","property":"_matrix"}},
{"name":"Bone.028","index":34,"matrix":[0.9736,0.1843,0.1347,0,0.0446,0.4252,-0.904,0,-0.2238,0.8862,0.4057,0,0,0.3588,0,1],"rest":[0.998,0.0634,-0.0003,0,-0.0634,0.998,-0.002,0,0.0002,0.002,1,0,0,0.3588,0,1],"parentBoneIndex":33,"length":0.1184
,"animation":{"dataType":3,"framePerSecond":25,"keys":[
{"frame":1,"values":[0.9736,0.1843,0.1347,0,0.0446,0.4252,-0.904,0,-0.2238,0.8862,0.4057,0,0,0.3588,0,1]},
{"frame":2,"values":[0.9736,0.1843,0.1347,0,0.0446,0.4252,-0.904,0,-0.2238,0.8862,0.4057,0,0,0.3588,0,1]}],"loopBehavior":1,"name":"anim","property":"_matrix"}},
{"name":"Bone.030","index":35,"matrix":[0.9964,-0.0522,-0.0662,0,-0.0321,0.4914,-0.8704,0,0.078,0.8694,0.4879,0,0,0.1184,0,1],"rest":[0.9999,-0.0122,0.0002,0,0.0122,0.9999,0.0004,0,-0.0002,-0.0004,1,0,0,0.1184,0,1],"parentBoneIndex":34,"length":0.127
,"animation":{"dataType":3,"framePerSecond":25,"keys":[
{"frame":1,"values":[0.9964,-0.0522,-0.0662,0,-0.0321,0.4914,-0.8704,0,0.078,0.8694,0.4879,0,0,0.1184,0,1]},
{"frame":2,"values":[0.9964,-0.0522,-0.0662,0,-0.0321,0.4914,-0.8704,0,0.078,0.8694,0.4879,0,0,0.1184,0,1]}],"loopBehavior":1,"name":"anim","property":"_matrix"}},
{"name":"Bone.032","index":36,"matrix":[0.9873,0.0495,-0.151,0,-0.1578,0.4135,-0.8967,0,0.0181,0.9091,0.4161,0,0,0.127,0,1],"rest":[1,0.0085,0,0,-0.0085,1,-0.0003,0,0,0.0003,1,0,0,0.127,0,1],"parentBoneIndex":35,"length":0.1262
,"animation":{"dataType":3,"framePerSecond":25,"keys":[
{"frame":1,"values":[0.9873,0.0495,-0.151,0,-0.1578,0.4135,-0.8967,0,0.0181,0.9091,0.4161,0,0,0.127,0,1]},
{"frame":2,"values":[0.9873,0.0495,-0.151,0,-0.1578,0.4135,-0.8967,0,0.0181,0.9091,0.4161,0,0,0.127,0,1]}],"loopBehavior":1,"name":"anim","property":"_matrix"}},
{"name":"Bone.034","index":37,"matrix":[0.9745,-0.1244,-0.1869,0,0.1802,0.9298,0.3209,0,0.1338,-0.3464,0.9285,0,0,0.9643,0,1],"rest":[0.9438,-0.3265,-0.0518,0,0.3278,0.9446,0.018,0,0.0431,-0.034,0.9985,0,0,0.9643,0,1],"parentBoneIndex":28,"length":0.3644
,"animation":{"dataType":3,"framePerSecond":25,"keys":[
{"frame":1,"values":[0.9745,-0.1244,-0.1869,0,0.1802,0.9298,0.3209,0,0.1338,-0.3464,0.9285,0,0,0.9643,0,1]},
{"frame":2,"values":[0.9745,-0.1244,-0.1869,0,0.1802,0.9298,0.3209,0,0.1338,-0.3464,0.9285,0,0,0.9643,0,1]}],"loopBehavior":1,"name":"anim","property":"_matrix"}},
{"name":"Bone.036","index":38,"matrix":[0.8651,0.5009,0.0249,0,-0.2083,0.404,-0.8907,0,-0.4563,0.7654,0.4539,0,0,0.3644,0,1],"rest":[0.9788,0.2024,-0.0312,0,-0.2025,0.9793,0,0,0.0306,0.0063,0.9995,0,0,0.3644,0,1],"parentBoneIndex":37,"length":0.0906
,"animation":{"dataType":3,"framePerSecond":25,"keys":[
{"frame":1,"values":[0.8651,0.5009,0.0249,0,-0.2083,0.404,-0.8907,0,-0.4563,0.7654,0.4539,0,0,0.3644,0,1]},
{"frame":2,"values":[0.8651,0.5009,0.0249,0,-0.2083,0.404,-0.8907,0,-0.4563,0.7654,0.4539,0,0,0.3644,0,1]}],"loopBehavior":1,"name":"anim","property":"_matrix"}},
{"name":"Bone.038","index":39,"matrix":[0.9606,-0.2303,-0.1555,0,-0.0075,0.5379,-0.843,0,0.2778,0.811,0.515,0,0,0.0906,0,1],"rest":[1,0.0015,0,0,-0.0015,1,0,0,0,0,1,0,0,0.0906,0,1],"parentBoneIndex":38,"length":0.0978
,"animation":{"dataType":3,"framePerSecond":25,"keys":[
{"frame":1,"values":[0.9606,-0.2303,-0.1555,0,-0.0075,0.5379,-0.843,0,0.2778,0.811,0.515,0,0,0.0906,0,1]},
{"frame":2,"values":[0.9606,-0.2303,-0.1555,0,-0.0075,0.5379,-0.843,0,0.2778,0.811,0.515,0,0,0.0906,0,1]}],"loopBehavior":1,"name":"anim","property":"_matrix"}},
{"name":"Bone.040","index":40,"matrix":[0.9973,-0.0665,-0.0305,0,0.0069,0.5001,-0.866,0,0.0729,0.8634,0.4992,0,0,0.0978,0,1],"rest":[1,-0.0058,0,0,0.0058,1,0.0002,0,0,-0.0002,1,0,0,0.0978,0,1],"parentBoneIndex":39,"length":0.1047
,"animation":{"dataType":3,"framePerSecond":25,"keys":[
{"frame":1,"values":[0.9973,-0.0665,-0.0305,0,0.0069,0.5001,-0.866,0,0.0729,0.8634,0.4992,0,0,0.0978,0,1]},
{"frame":2,"values":[0.9973,-0.0665,-0.0305,0,0.0069,0.5001,-0.866,0,0.0729,0.8634,0.4992,0,0,0.0978,0,1]}],"loopBehavior":1,"name":"anim","property":"_matrix"}},
{"name":"Bone.042","index":41,"matrix":[0.7731,0.6227,0.1209,0,-0.6291,0.7283,0.2717,0,0.0812,-0.2861,0.9548,0,0,0.9643,0,1],"rest":[0.9116,0.4104,-0.0253,0,-0.4089,0.9113,0.0486,0,0.0431,-0.0339,0.9985,0,0,0.9643,0,1],"parentBoneIndex":28,"length":0.3756
,"animation":{"dataType":3,"framePerSecond":25,"keys":[
{"frame":1,"values":[0.7731,0.6227,0.1209,0,-0.6291,0.7283,0.2717,0,0.0812,-0.2861,0.9548,0,0,0.9643,0,1]},
{"frame":2,"values":[0.7731,0.6227,0.1209,0,-0.6291,0.7283,0.2717,0,0.0812,-0.2861,0.9548,0,0,0.9643,0,1]}],"loopBehavior":1,"name":"anim","property":"_matrix"}},
{"name":"Bone.044","index":42,"matrix":[0.9399,-0.3354,0.0643,0,0.287,0.6737,-0.681,0,0.1851,0.6585,0.7295,0,0,0.3756,0,1],"rest":[0.9867,-0.1596,-0.0315,0,0.1597,0.9872,0,0,0.031,-0.005,0.9995,0,0,0.3756,0,1],"parentBoneIndex":41,"length":0.0781
,"animation":{"dataType":3,"framePerSecond":25,"keys":[
{"frame":1,"values":[0.9399,-0.3354,0.0643,0,0.287,0.6737,-0.681,0,0.1851,0.6585,0.7295,0,0,0.3756,0,1]},
{"frame":2,"values":[0.9399,-0.3354,0.0643,0,0.287,0.6737,-0.681,0,0.1851,0.6585,0.7295,0,0,0.3756,0,1]}],"loopBehavior":1,"name":"anim","property":"_matrix"}},
{"name":"Bone.046","index":43,"matrix":[0.9637,0.1649,0.2098,0,0.0222,0.7339,-0.6789,0,-0.2659,0.659,0.7036,0,0,0.0781,0,1],"rest":[0.9993,-0.0364,0,0,0.0364,0.9993,0.0011,0,0,-0.0011,1,0,0,0.0781,0,1],"parentBoneIndex":42,"length":0.088
,"animation":{"dataType":3,"framePerSecond":25,"keys":[
{"frame":1,"values":[0.9637,0.1649,0.2098,0,0.0222,0.7339,-0.6789,0,-0.2659,0.659,0.7036,0,0,0.0781,0,1]},
{"frame":2,"values":[0.9637,0.1649,0.2098,0,0.0222,0.7339,-0.6789,0,-0.2659,0.659,0.7036,0,0,0.0781,0,1]}],"loopBehavior":1,"name":"anim","property":"_matrix"}},
{"name":"Bone.048","index":44,"matrix":[0.8733,0.1062,-0.4755,0,-0.3519,0.8125,-0.4648,0,0.337,0.5732,0.7469,0,0,0.088,0,1],"rest":[0.9988,0.0491,0,0,-0.0491,0.9988,-0.0015,0,0,0.0015,1,0,0,0.088,0,1],"parentBoneIndex":43,"length":0.0925
,"animation":{"dataType":3,"framePerSecond":25,"keys":[
{"frame":1,"values":[0.8733,0.1062,-0.4755,0,-0.3519,0.8125,-0.4648,0,0.337,0.5732,0.7469,0,0,0.088,0,1]},
{"frame":2,"values":[0.8733,0.1062,-0.4755,0,-0.3519,0.8125,-0.4648,0,0.337,0.5732,0.7469,0,0,0.088,0,1]}],"loopBehavior":1,"name":"anim","property":"_matrix"}},
{"name":"Bone.050","index":45,"matrix":[0.6674,-0.7446,0.0118,0,0.6048,0.5327,-0.5921,0,0.4346,0.4022,0.8058,0,0,0.9643,0,1],"rest":[0.4108,-0.908,-0.082,0,0.91,0.414,-0.0251,0,0.0568,-0.0643,0.9963,0,0,0.9643,0,1],"parentBoneIndex":28,"length":0.1915
,"animation":{"dataType":3,"framePerSecond":25,"keys":[
{"frame":1,"values":[0.6674,-0.7446,0.0118,0,0.6048,0.5327,-0.5921,0,0.4346,0.4022,0.8058,0,0,0.9643,0,1]},
{"frame":2,"values":[0.6674,-0.7446,0.0118,0,0.6048,0.5327,-0.5921,0,0.4346,0.4022,0.8058,0,0,0.9643,0,1]}],"loopBehavior":1,"name":"anim","property":"_matrix"}},
{"name":"Bone.052","index":46,"matrix":[0.6736,0.6118,-0.4146,0,-0.4741,0.7881,0.3927,0,0.567,-0.0679,0.8209,0,0,0.1915,0,1],"rest":[0.8902,0.4556,-0.0015,0,-0.4556,0.8901,-0.0152,0,-0.0056,0.0142,0.9999,0,0,0.1915,0,1],"parentBoneIndex":45,"length":0.1299
,"animation":{"dataType":3,"framePerSecond":25,"keys":[
{"frame":1,"values":[0.6736,0.6118,-0.4146,0,-0.4741,0.7881,0.3927,0,0.567,-0.0679,0.8209,0,0,0.1915,0,1]},
{"frame":2,"values":[0.6736,0.6118,-0.4146,0,-0.4741,0.7881,0.3927,0,0.567,-0.0679,0.8209,0,0,0.1915,0,1]}],"loopBehavior":1,"name":"anim","property":"_matrix"}},
{"name":"Bone.054","index":47,"matrix":[0.8038,0.5937,-0.0383,0,-0.595,0.8021,-0.0513,0,0.0002,0.0641,0.9979,0,0,0.1299,0,1],"rest":[0.9399,0.3415,-0.0019,0,-0.3415,0.9398,-0.0107,0,-0.0019,0.0107,0.9999,0,0,0.1299,0,1],"parentBoneIndex":46,"length":0.0976
,"animation":{"dataType":3,"framePerSecond":25,"keys":[
{"frame":1,"values":[0.8038,0.5937,-0.0383,0,-0.595,0.8021,-0.0513,0,0.0002,0.0641,0.9979,0,0,0.1299,0,1]},
{"frame":2,"values":[0.8038,0.5937,-0.0383,0,-0.595,0.8021,-0.0513,0,0.0002,0.0641,0.9979,0,0,0.1299,0,1]}],"loopBehavior":1,"name":"anim","property":"_matrix"}},
{"name":"Bone.007","index":48,"matrix":[-0.8741,-0.4721,-0.1144,0,0.2603,-0.2564,-0.9309,0,0.4101,-0.8434,0.347,0,0.2097,0.0781,0,1],"rest":[-0.9565,-0.2338,-0.1745,0,0.2868,-0.6437,-0.7095,0,0.0536,-0.7287,0.6827,0,0,0,0,1],"parentBoneIndex":1,"length":0.4937
,"animation":{"dataType":3,"framePerSecond":25,"keys":[
{"frame":1,"values":[-0.8741,-0.4721,-0.1144,0,0.2603,-0.2564,-0.9309,0,0.4101,-0.8434,0.347,0,0.2097,0.0781,0,1]},
{"frame":2,"values":[-0.8741,-0.4721,-0.1144,0,0.2603,-0.2564,-0.9309,0,0.4101,-0.8434,0.347,0,0.2097,0.0781,0,1]}],"loopBehavior":1,"name":"anim","property":"_matrix"}},
{"name":"right leg high","index":49,"matrix":[-0.0194,-0.5044,-0.8633,0,0.9572,0.2399,-0.1617,0,0.2886,-0.8295,0.4782,0,0,0.4937,0,1],"rest":[0.9314,-0.3439,-0.1193,0,0.325,0.6381,0.698,0,-0.1639,-0.6889,0.7061,0,0,0.4937,0,1],"parentBoneIndex":48,"length":1.5662
,"animation":{"dataType":3,"framePerSecond":25,"keys":[
{"frame":1,"values":[-0.0194,-0.5044,-0.8633,0,0.9572,0.2399,-0.1617,0,0.2886,-0.8295,0.4782,0,0,0.4937,0,1]},
{"frame":2,"values":[-0.0194,-0.5044,-0.8633,0,0.9572,0.2399,-0.1617,0,0.2886,-0.8295,0.4782,0,0,0.4937,0,1]}],"loopBehavior":1,"name":"anim","property":"_matrix"}},
{"name":"right leg low","index":50,"matrix":[-0.2869,0.7706,0.5691,0,-0.9529,-0.2905,-0.0869,0,0.0984,-0.5673,0.8176,0,0,1.5662,0,1],"rest":[0.9819,0.1892,-0.0026,0,-0.1891,0.9809,-0.0448,0,-0.0059,0.0445,0.999,0,0,1.5662,0,1],"parentBoneIndex":49,"length":1.8128
,"animation":{"dataType":3,"framePerSecond":25,"keys":[
{"frame":1,"values":[-0.2869,0.7706,0.5691,0,-0.9529,-0.2905,-0.0869,0,0.0984,-0.5673,0.8176,0,0,1.5662,0,1]},
{"frame":2,"values":[-0.2869,0.7706,0.5691,0,-0.9529,-0.2905,-0.0869,0,0.0984,-0.5673,0.8176,0,0,1.5662,0,1]}],"loopBehavior":1,"name":"anim","property":"_matrix"}},
{"name":"right foot","index":51,"matrix":[-0.0665,-0.4102,-0.9096,0,0.9781,0.1532,-0.1406,0,0.197,-0.899,0.3911,0,0,1.8128,0,1],"rest":[-0.0584,-0.3298,-0.9423,0,0.9793,0.1645,-0.1182,0,0.194,-0.9296,0.3133,0,0,1.8128,0,1],"parentBoneIndex":50,"length":0.6601
,"animation":{"dataType":3,"framePerSecond":25,"keys":[
{"frame":1,"values":[-0.0665,-0.4102,-0.9096,0,0.9781,0.1532,-0.1406,0,0.197,-0.899,0.3911,0,0,1.8128,0,1]},
{"frame":2,"values":[-0.0665,-0.4102,-0.9096,0,0.9781,0.1532,-0.1406,0,0.197,-0.899,0.3911,0,0,1.8128,0,1]}],"loopBehavior":1,"name":"anim","property":"_matrix"}},
{"name":"Bone.008","index":52,"matrix":[-0.8748,-0.4712,0.1128,0,0.2548,-0.2495,0.9342,0,-0.4121,0.846,0.3384,0,0.2097,0.0781,0,1],"rest":[-0.9565,-0.2338,0.1745,0,0.2868,-0.6437,0.7095,0,-0.0536,0.7287,0.6827,0,0,0,0,1],"parentBoneIndex":1,"length":0.4937
,"animation":{"dataType":3,"framePerSecond":25,"keys":[
{"frame":1,"values":[-0.8748,-0.4712,0.1128,0,0.2548,-0.2495,0.9342,0,-0.4121,0.846,0.3384,0,0.2097,0.0781,0,1]},
{"frame":2,"values":[-0.8748,-0.4712,0.1128,0,0.2548,-0.2495,0.9342,0,-0.4121,0.846,0.3384,0,0.2097,0.0781,0,1]}],"loopBehavior":1,"name":"anim","property":"_matrix"}},
{"name":"left leg high","index":53,"matrix":[-0.017,-0.4998,0.8659,0,0.9543,0.2502,0.1632,0,-0.2982,0.8292,0.4728,0,0,0.4937,0,1],"rest":[0.9314,-0.3439,0.1193,0,0.325,0.6381,-0.698,0,0.1639,0.6889,0.7061,0,0,0.4937,0,1],"parentBoneIndex":52,"length":1.5662
,"animation":{"dataType":3,"framePerSecond":25,"keys":[
{"frame":1,"values":[-0.017,-0.4998,0.8659,0,0.9543,0.2502,0.1632,0,-0.2982,0.8292,0.4728,0,0,0.4937,0,1]},
{"frame":2,"values":[-0.017,-0.4998,0.8659,0,0.9543,0.2502,0.1632,0,-0.2982,0.8292,0.4728,0,0,0.4937,0,1]}],"loopBehavior":1,"name":"anim","property":"_matrix"}},
{"name":"left leg low","index":54,"matrix":[-0.2844,0.7643,-0.5788,0,-0.9541,-0.2847,0.0929,0,-0.0937,0.5786,0.8102,0,0,1.5662,0,1],"rest":[0.9819,0.1892,0.0026,0,-0.1891,0.9809,0.0448,0,0.0059,-0.0445,0.999,0,0,1.5662,0,1],"parentBoneIndex":53,"length":1.8128
,"animation":{"dataType":3,"framePerSecond":25,"keys":[
{"frame":1,"values":[-0.2844,0.7643,-0.5788,0,-0.9541,-0.2847,0.0929,0,-0.0937,0.5786,0.8102,0,0,1.5662,0,1]},
{"frame":2,"values":[-0.2844,0.7643,-0.5788,0,-0.9541,-0.2847,0.0929,0,-0.0937,0.5786,0.8102,0,0,1.5662,0,1]}],"loopBehavior":1,"name":"anim","property":"_matrix"}},
{"name":"left foot","index":55,"matrix":[0.1885,-0.3681,-0.9105,0,0.9781,0.1532,0.1406,0,0.0877,-0.9171,0.3889,0,0,1.8128,0,1],"rest":[0.1808,-0.4457,-0.8767,0,0.9793,0.1645,0.1182,0,0.0915,-0.8799,0.4662,0,0,1.8128,0,1],"parentBoneIndex":54,"length":0.6601
,"animation":{"dataType":3,"framePerSecond":25,"keys":[
{"frame":1,"values":[0.1885,-0.3681,-0.9105,0,0.9781,0.1532,0.1406,0,0.0877,-0.9171,0.3889,0,0,1.8128,0,1]},
{"frame":2,"values":[0.1885,-0.3681,-0.9105,0,0.9781,0.1532,0.1406,0,0.0877,-0.9171,0.3889,0,0,1.8128,0,1]}],"loopBehavior":1,"name":"anim","property":"_matrix"}},
{"name":"bike","index":56,"matrix":[-0.997,0.077,0,0,-0.077,-0.997,0,0,0,0,1,0,1.9132,4.6897,0,1],"rest":[-0.997,0.077,0,0,-0.077,-0.997,0,0,0,0,1,0,1.9132,4.6897,0,1],"parentBoneIndex":0,"length":7.0186
,"animation":{"dataType":3,"framePerSecond":25,"keys":[
{"frame":1,"values":[-0.997,0.077,0,0,-0.077,-0.997,0,0,0,0,1,0,1.9132,4.6897,0,1]},
{"frame":2,"values":[-0.997,0.077,0,0,-0.077,-0.997,0,0,0,0,1,0,1.9132,4.6897,0,1]}],"loopBehavior":1,"name":"anim","property":"_matrix"}}]
,"ranges":[{"name":"Rider on bike ","from":0,"to":2}]}],
"meshes":[{"name":"back.001","id":"back.001","materialId":"Tron_Light_cycle.Multimaterial#0","billboardMode":0,"position":[1.5119,-0.0005,-7.1013],"rotation":[1.5708,1.5668,0],"scaling":[1.1898,1.1898,1.1898],"isVisible":true,"isEnabled":true,"pickable":true
,"positions":[-1.339,1.4768,0,0.5203,1.4535,0.0638,-1.339,1.4535,0.0638,-1.339,1.4535,0.0638,0.5203,1.3998,0.0638,-1.339,1.3998,0.0638,-1.339,1.4378,0,-1.339,1.4535,0.0638,-1.339,1.42,0.0377,0.5203,1.4535,0.0638,0.5203,1.4378,0,0.5203,1.42,0.0377,-1.339,1.42,0.0377,-1.339,1.3998,0.0638,-1.339,1.3826,0.0567,-1.339,1.3998,0.0638,0.5203,1.3826,0.0567
,-1.339,1.3826,0.0567,0.5203,1.3998,0.0638,0.5203,1.42,0.0377,0.5203,1.3826,0.0567,0.2249,1.0318,0.0567,-1.339,1.3624,0,-1.339,1.3826,0.0567,0.5203,1.3624,0,0.5492,1.244,0.0567,0.5203,1.3826,0.0567,0.5203,1.3826,0.0567,0.2249,1.0318,0.0567,0.5203,1.42,0.0377,-1.339,1.42,0.0377,0.5492,1.244,0.0567,0.2975,0.9209,0.0567,0.2249,1.0318,0.0567
,0.5492,1.244,0.0567,0.6218,1.138,0,0.6218,1.1331,0.0567,0.2975,0.9258,0,0.2249,1.0367,0,0.2975,0.9209,0.0567,0.5291,0.7304,0,0.2975,0.9258,0,0.6218,1.1331,0.0567,0.8534,0.9426,0,0.8534,0.9377,0.0567,0.6218,1.1331,0.0567,0.5291,0.7255,0.0567,0.2975,0.9209,0.0567,0.8534,0.9377,0.0567,0.7482,0.466,0.0567,0.5291,0.7255,0.0567
,0.8534,0.9377,0.0567,1.088,0.6578,0,1.0877,0.6529,0.0567,0.5291,0.7255,0.0567,0.7485,0.4708,0,0.5291,0.7304,0,0.7482,0.466,0.0567,0.872,0.1731,0,0.7485,0.4708,0,1.0877,0.6529,0.0567,1.2116,0.36,0,1.2112,0.3551,0.0567,0.7482,0.466,0.0567,1.2112,0.3551,0.0567,0.8717,0.1682,0.0567,0.8717,0.1682,0.0567,1.2661,0.0577,0.0567
,0.8789,0.0399,0.0567,1.2112,0.3551,0.0567,1.2686,0.0619,0,1.2661,0.0577,0.0567,0.8717,0.1682,0.0567,0.8814,0.0441,0,0.872,0.1731,0,0.8789,0.0399,0.0567,0.8683,-0.1501,0,0.8814,0.0441,0,1.2661,0.0577,0.0567,1.2456,-0.2387,0,1.242,-0.2421,0.0567,1.2661,0.0577,0.0567,0.8647,-0.1535,0.0567,0.8789,0.0399,0.0567,1.242,-0.2421,0.0567
,0.7815,-0.4299,0.0567,0.8647,-0.1535,0.0567,1.242,-0.2421,0.0567,1.1397,-0.585,0,1.1356,-0.5876,0.0567,0.8647,-0.1535,0.0567,0.7857,-0.4273,0,0.8683,-0.1501,0,0.7815,-0.4299,0.0567,0.7099,-0.5772,0,0.7857,-0.4273,0,1.1356,-0.5876,0.0567,0.981,-0.8543,0,0.9762,-0.8552,0.0467,1.1356,-0.5876,0.0567,0.7051,-0.5782,0.0467,0.7815,-0.4299,0.0567
,0.9762,-0.8552,0.0467,0.5087,-0.7469,0.0559,0.7051,-0.5782,0.0467,0.9762,-0.8552,0.0467,0.7417,-1.0599,0,0.7369,-1.0602,0.0559,0.7051,-0.5782,0.0467,0.5136,-0.7466,0,0.7099,-0.5772,0,0.5136,-0.7466,0,0.7369,-1.0602,0.0559,0.7417,-1.0599,0,-3.5938,0.3682,-0.0622,-3.5824,0.3692,0.0641,-3.5938,0.3682,0.0641,-3.5769,0.3063,-0.1715,-3.5938,0.3682,-0.0622
,-3.5883,0.3053,-0.1715,-3.5674,0.1974,-0.2346,-3.5883,0.3053,-0.1715,-3.5788,0.1964,-0.2346,-3.5564,0.0716,-0.2346,-3.5788,0.1964,-0.2346,-3.5678,0.0706,-0.2346,-3.5582,-0.0383,-0.1715,-3.5564,0.0716,-0.2346,-3.5678,0.0706,-0.2346,-3.5527,-0.1012,-0.0622,-3.5468,-0.0373,-0.1715,-3.5582,-0.0383,-0.1715,-3.5527,-0.1012,0.0641,-3.5413,-0.1002,-0.0622,-3.5527,-0.1012,-0.0622,-3.5413,-0.1002,0.0641
,-3.5233,-0.0622,-0.0529,-3.5413,-0.1002,-0.0622,-3.5468,-0.0373,-0.1715,-3.5233,-0.0622,-0.0529,-3.528,-0.0086,-0.1462,-3.5564,0.0716,-0.2346,-3.528,-0.0086,-0.1462,-3.5361,0.0844,-0.2,-3.5674,0.1974,-0.2346,-3.5361,0.0844,-0.2,-3.5455,0.1916,-0.2,-3.5769,0.3063,-0.1715,-3.5455,0.1916,-0.2,-3.5537,0.2846,-0.1462,-3.5824,0.3692,-0.0622,-3.5537,0.2846,-0.1462,-3.5584,0.3382,-0.0529
,-3.5824,0.3692,0.0641,-3.5584,0.3382,-0.0529,-3.5584,0.3382,0.0548,-3.5943,-0.1048,0.0641,-3.6432,-0.1091,-0.0622,-3.6432,-0.1091,0.0641,-3.5943,-0.1048,-0.0622,-3.6487,-0.0462,-0.1715,-3.6432,-0.1091,-0.0622,-3.5998,-0.0419,-0.1715,-3.6583,0.0627,-0.2346,-3.6487,-0.0462,-0.1715,-3.6093,0.067,-0.2346,-3.6693,0.1885,-0.2346,-3.6583,0.0627,-0.2346,-3.6693,0.1885,-0.2346,-3.6299,0.3017,-0.1715
,-3.6788,0.2974,-0.1715,-3.6788,0.2974,-0.1715,-3.6354,0.3645,-0.0622,-3.6843,0.3603,-0.0622,-3.6354,0.3645,-0.0622,-3.6843,0.3603,0.0641,-3.6843,0.3603,-0.0622,-2.789,0.4386,-0.0622,-3.0994,0.4114,0.0641,-3.0994,0.4114,-0.0622,-3.0939,0.3485,-0.1715,-2.789,0.4386,-0.0622,-3.0994,0.4114,-0.0622,-2.774,0.2668,-0.2346,-3.0939,0.3485,-0.1715,-3.0844,0.2396,-0.2346,-3.0734,0.1139,-0.2346
,-2.774,0.2668,-0.2346,-3.0844,0.2396,-0.2346,-3.0639,0.005,-0.1715,-2.763,0.141,-0.2346,-3.0734,0.1139,-0.2346,-3.0584,-0.0579,-0.0622,-2.7534,0.0321,-0.1715,-3.0639,0.005,-0.1715,-2.7479,-0.0308,0.0641,-3.0584,-0.0579,-0.0622,-3.0584,-0.0579,0.0641,-3.0482,0.4083,0.062,-2.9974,0.4128,-0.0602,-2.9974,0.4128,0.062,-2.9974,0.4128,-0.0602,-3.0429,0.3475,-0.166,-2.9921,0.3519,-0.166
,-3.0429,0.3475,-0.166,-2.9828,0.2465,-0.2271,-2.9921,0.3519,-0.166,-2.9828,0.2465,-0.2271,-3.023,0.1203,-0.2271,-2.9722,0.1248,-0.2271,-2.9722,0.1248,-0.2271,-3.0138,0.0149,-0.166,-2.963,0.0193,-0.166,-3.0138,0.0149,-0.166,-2.9576,-0.0415,-0.0602,-2.963,0.0193,-0.166,-2.9576,-0.0415,-0.0602,-3.0085,-0.046,0.062,-2.9576,-0.0415,0.062,-3.1705,0.3933,-0.0671,-3.0429,0.3475,-0.166
,-3.0482,0.4083,-0.0602,-3.1557,0.2231,-0.2268,-3.023,0.1203,-0.2271,-3.0337,0.242,-0.2271,-3.1362,0.0003,-0.1587,-3.0085,-0.046,-0.0602,-3.0138,0.0149,-0.166,-3.2589,0.3672,-0.113,-3.1657,0.3381,-0.163,-3.1705,0.3933,-0.0671,-3.2413,0.1666,-0.234,-3.146,0.1128,-0.2268,-3.1557,0.2231,-0.2268,-3.2234,-0.0381,-0.12,-3.1313,-0.0548,-0.0629,-3.1362,0.0003,-0.1587,-3.4092,0.3146,-0.1588
,-3.2523,0.2917,-0.1937,-3.2589,0.3672,-0.113,-3.3899,0.0941,-0.2227,-3.232,0.0592,-0.2086,-3.2413,0.1666,-0.234,-3.3754,-0.0714,-0.063,-3.2207,-0.0699,-0.014,-3.2234,-0.0381,-0.12,-3.4092,0.3146,-0.1588,-3.4966,0.2545,-0.1993,-3.4046,0.2626,-0.1993,-3.4819,0.086,-0.2227,-3.3845,0.0331,-0.1978,-3.3899,0.0941,-0.2227,-3.4674,-0.0794,-0.063,-3.3746,-0.0804,0.0024,-3.3754,-0.0714,-0.063
